$ANSIBLE_VAULT;1.1;AES256
61646462356265656464376439323130633264393333383737393238623038343833656236373137
6632356665336162366433303532303465386232313730350a346562376330306535343962393533
34343236643665376262386134373735653166366337333364656435353335313766333761326239
3637313230376666630a313232663565396238353638643238383732393964313661653665656635
38633565626632653332393661376139376638666539343961666536656664623830346665643562
37633339383537396435346435653661323339316139316161383432616138376463626331646339
64376635346436623164666261326264373831343935373163333763353364336165353163333766
63376632623263373135663332333237383761303461323438616631626234343161383266386261
39316531313761353730663766653864366263383230356138613931356138653666616666316661
36656434326434373063306262343961343437313636323336633364666137663339366666386533
66363436626335616661653764366532363937353239376130646634336334653732306335616666
35346362653239613136356431333062303965663033383962353834356261363032366634626238
39366632396162363335623835306437313865386238636363363862393732353966376262313664
66393839613933383162653032623536656666643534333064363135633536646134613933333739
643432623333643330336632333233303461
