$ANSIBLE_VAULT;1.1;AES256
63383939303766373030643339616634646534303135393632336361623732346131323838386139
3938303934643335366531313337616138313231626565650a383935646433363238646339373237
30623661623763623763323263303261396665386162373936323736373530623163396637343433
3837653439383130610a356663643361616130366562623534626339333635666665336336363735
36663165353432303530663638666565653531616136633063363964656532336633353866646330
30333762303637353439323432386230366130326166386133326461353037646336616263616434
33373131353730376636393934613433626364376337396235663161356330313064386262643733
34386633666462386130313236646237633836323639323863313236343232336461376461303131
39623664623239326138613164666630363364643336653765666132373236373234313465323735
33306661326134633038653561643466643136396133643462326335316563623162376430353435
38326635626561376239336561363838346139373163643835666230353438386230373761386265
30333430306163333863613631333535373636303532363263346133373562386265383832613530
31656662383637376134336132666432376434323363376634616434613838333034383731343964
38633731363834363261646163313831323336623935633534386238393431653565376639646335
66353062653437313536636131366161626530353863653863623232623964393639363631393165
65356365646566396139383663383566333866646666303832346637643639663832653965613962
31373364303530623739653137643138303264643738343661613665363836386665333531656632
33363563373434363561373363653134653933646162323130343539313261366433363863366436
33353066623631396666363661613363643236303166383735323231396566363332623538643064
35343535663532313835336532393937363462636330633564613735356365346535303538363635
33333032626631393134373664316466613261343263393337633433623863353635623530353233
30343231363334313831343932653237376134376263653265666239343834616139333163613039
39383366643532666162343836346265663035356530303063613665346339373433396337613035
65316166666565396533376565326636383163303562656430313832353665643362363930386331
35623432353431666532616262303332323538633833306366376132386438623563376631373334
63333364303139383635666266653139306138363764336432613763383166313232316466323366
65326430313732376366386539643264623436663933393231353131376438626533343839656562
37383065313633366133386431323931373636326661663432653633623762326565613533613233
64333639313432663063633338343739636131663464313639633139353331643761393665666163
36336331333035346439303136613861646138326530376562363132393738316435303731306664
39636237613263613739366162386235653233373231383330393263303535623138636430326266
62353231343330343665353764356237323231633130306661633366363066633533633034316638
33613565306535323862376466623135336131643838633138396465653130343764333362623935
31333338323266313532376666383865363566326635646562306161643837306530313930396364
61353861393331666337316365623334666565643462653931663432363732353066666639336364
35393365366134653530343233666135396136323132336637313565306566653039646130376233
32396439383632333230376366366532326437376130363336613662653265373136633662386463
30386434316635646232643463316235326236343234613631383537666631663665383633343531
64353730353764363636393039363533373337333835613466646539663739363165363930636533
32373431323239353830303438373961666630646631376565633033383461616533303831303830
61333038346564366132326233656364383130346665333164666239343366313833386234623236
66366666333539333335336232373436613561363734666564333239396562613636333261326636
63383362636264373566323637343666613664663362656531356632393665653933336461663537
31316266386361393365613163663438333238306635613938666235663464623963633036626139
36343336373463636266343737316631656165333731323437353363343533656536376233306333
66656339643664646566386438363331653031363439313231373133313865616130396133366565
62656139366665373461653531333933643263653733336639623237356138306264363539373038
66373131653062393964656365643461623238656236623132363137303865376362623765633932
31616435366333643131303666343136383865333630353534666239366235626339376134653462
31353330653433373937613563336637633439313532633564633030303139313863353461373736
31333763663630636566333366646161393135663438313762376462613735666462383532666431
62363335633737623836316266373837656364393733303839303938656438366533393562643933
35626636343638326666303065653763346433323436366434663735633038353232313538656261
65393636616636663764656662653361316561333632373438326133396661613362323535333362
31623636373737366633663862363236653032643165663238333630353933376362626337663165
39393038643564623834636464333839353938343166626336383133373861613534383032663966
63613530656239646330323438633433393264616638343366393630316632323466353762323239
34323466353166336166323334356565363733353133333561653832383536613665663862656330
32316130616565626365343765346431373135313736366432316539353633613734643261653461
31306638323365393236373435323732326564353539393434616536326638386361333035616565
63323862666538383530623633353036306433353437663562623432393438333464393464303765
38333138363130633362316432376666373537306464346531396364313661633030623230636539
66643264373137343162663833316634303865333934323636633365386464383438313337393134
65353638343938633532306434646233396238313164336338346464393135313038313063613138
66636530616266656663303338643662653464643630613131653262353939316230336364363932
61636564383936376430653135313535633261313038613338343036323863313865633765623839
62343238613466623365643436353730643936626238326533626635363534316235393236346136
62646338613133323036656334353063643535626336303437343930653530303339363339333765
30663366666636343638646539646661613366346133613465613239373138666438303634346237
62656130366465313035643962353533353034323762363833343436306138333162333165613937
36626630633264386338326664643437306265653937363831633966303531633137663238353235
37326262633637643462646338323832326165393736613630336264663137353432306264333734
65326263316138306163653232653264623533396238313235373462343432643135346563366232
34656462333363306361356162333464636637373036326638366562366336613933343364636261
39303562646466363632613938633035623831353464396332366262633432636362353361353362
36323266303834393234643334623566633061663135373430313165656137373762333262663163
38666132326235623634656561623363363637336331326661623361363065623462323134643838
37306164656438633435373939373736386331653736623666333065343138613232353739653635
66333230356232616634313464376261343232646166343931656265666331323464356330343134
32313964376333326534633465663235653637333939343237353638646338373135313163393335
61333935353064376532663236303639623065383661303564366239306430383037313561623066
38323536383262626536613563336635333963373961623136343830366333336134653837353438
65613137616164623831306130353139636361343661373431303465393466303134386536666631
37376133613533653865376630646438663238326130666437613237343964396164353266633765
37653638393835623966326430643739653466613933323333386539636331623739373963643531
39373130626638656565663463356435383537323333633632653637306330333366366563303330
36323831353636353431663336633663383234376636663236633831353066316434343366643764
31373066336166333234616639333934643466383632623663356364303230626234346634303564
32383033333465656162333330333235336662616331386366646661663462613766376565656437
31363434653662383335323865626437376333366565313764613465653635616135303033633831
63336665663064363534653733356662306162326263306237396362366330356337333265323764
35616133336665393535393339343564623138653265303538363533353739646361313736303863
35366236623761396232643062363766353261326530623362313232316463663836353764303239
36663663396539663831376434383537616666653035343165333062653336666237663963663537
33393933346561306366336566353739623664316264313734623933626535316132386339316239
66396633383034353362326130336664646530353739363836323939353866343430663636353236
35646635646236313465373465613061366662366337646533383631326134666564383731366134
33656265633838383433636330366634336437656262333266386434613562336532376132633065
65313834333866313039646362373363656336643862323437356633306339303362613139626666
34656466336666653236313931393765656437653363393937323562393262633037303035653763
65363235353762363761643835376337633631653033626466353266626133383766366264313232
62363864353136363834626364636334343436303635383231636231376131626563303164346166
31343536363366623262356162343830323334303161633765626638356366376663616439383639
63623265323263663264613862303735366235323736666230396335376361393434336634353133
66643163313932636461353733323362643161376434623964383139306663616264613734623132
35643836333962363261383631646438353063383764663931343263616562646634346438636461
31643937613830396432666132343864346330646432333037383239393433393764303739303730
65383066326131366664383037373033373135336263336366373934373961343034346537336464
36613038313131646465643933323132616135613366613736343237303835386261333032343638
38353032666539616534386663316438333638373338646636653262623830356431363930656530
34313036373032363562333765343764656463656465623535623937666431376136346535366366
63643262386266356333343162383564313531646363626262613738323436656131656136383464
39303632623139313733336464303262616532306362363362663562356539333932383238306634
33626566356161303363383736336564646535613830393163356135333632373434336631343334
39343461386134386632376466616365356436346235663231376163353535663466386565333539
66393637366438653534396335353462663366633433376331353535313031313437326265623361
39396530333965643537373739653137383262636338303735353462313537393739376265356433
37626262636562613033643335313239313437323635373537393533663338316163626333323161
63303539663632663937613736643964663738396538326433303465336136613332376134633436
65353838633464383231653333326166303565613239336361323437383332653562326663306561
62626430333938633535353561326434396162393938633339643234376261313361653065383361
39653631633031623437316432353264373635393634333861326531666136313762313736326437
37323165393135313836663230306532383239666566353263323831643564653330396662343534
63643361313766636139343134623466343733393132336230303032363737613836323039303938
36663461333331653031353530363630646462663333313837623662316238356633616661653661
66366131613830363030336231623965313961626431313432363661343232613031313035643635
65333032643964393935636137326561613663366237336665363161363836366566393333643334
31313730323230613830633636376135663164613661306532623832343666303332633561663534
62353535333536366661343462366430626662333334356166313863313864653133633539656261
33383035333836633432623161366463653762386133346366333036333332616332316261306265
31336666386139626631363430643336633535663234396166356339336532393333326231373230
66353033643533303135316431333333363332356339363065353439616238356637633262313733
31656266623532343735313666653461303136386330616633313063623333393536623931353134
65306236623666373463306438383536626565303534623261333164366237393836303038346533
38626237333765376361393933646661356535306661363137383335653265386166373935376533
34393364646631626265643039336531346637653634623630616363653633633438366563643136
35323466613464643832333666383565316239343465356261373630393463376336636336376234
35623262343261353762646331353364623130393834616638353039393336613637633862663330
63616132376539613834303764646439663936306336386466636463616638613464646530623461
63393965656666626361326564653832666331353735386438303631366461313237326433316337
30643766646364303134396430316431393964623633323461623531613135323038623130353235
33376439613062623563316532316439643631393564373033333432663031656533363639326464
30656635363436663464336562356663336663313964366437396662656539623536626562373731
39303662313739636462356464633732323232376234303739336236383332356664626533373261
66633739353632393866393233326531316232646232643663393233313636303264393431376264
39363634326261633638636438363635353464383061303935376531373264343761343339373738
61343333346665336136353161623966626237333432323633303537333464323065336333373231
35656562643965373232356564393235383636353264613964323935333165393030376134373162
36626330613439663764396437373734646138383965666134376532653832613936306165616436
66626431616337613262386231396639393663336665393661643966666162663366666263663061
36666566393831656363363364386261316633316336353833613161613761653539373635616562
35663630386334663436366337336565633334376564306361633762376161366266643663663131
62633534646133343363306136633731333032633261333664626633333432316337396337386437
34356638663530393137343463383038626437313636663434663265303166346635386634393435
66633432613432333663343835363334393232396236343931343531323863363266626135306335
63303865306130396265643033653166326364366665323463343863316434383239376536663531
31353335363039613337626331383634643065383762373930666662323838646233356430613234
34656537366563306436636137366466313838363661393033303463663033373733653039303133
65393761306139633139623930323630656266326537633266366266343731363666653366663434
39646564663933373238303631343332613239323333653531653531323164613937623664633238
39393237353565343433383063343931633838633262626438366561353366396337633738636563
64333231346138373261363430616639396330353234656563353663386163666665663464393335
33616533326131313336363935616534613534366232393937336663346631316437383662646638
63613937333163376563333536336666633964383539313334376466333630646436623334643164
34653662336335353635373233393363366663623663653839356231333635386538613939656465
33313039346532643961376339643665383337376135326333373863323362393138616538336137
64363137663335393366353063623533373065363235363339316432343662343264313438663462
63333764396434613863393035353735623239333266346136663835303564363664346161373264
34386439353164626339326561313265613666313235663839303335393063353263356138316464
31646231363032373430636531663230653832613239343836346365306239643434376361626538
31373563353438623466653434363838663037323339333638393336376238653264626630323538
30303337313535343830353965613661613930336261666132353031353364656364643038663930
36393130333838306134616666303934323464373265383138666439303430616432336563383363
66373864376335306334323838373236366431616434323764323264376335646334343162373431
373339326435613330353938336430336633
